32.15895 2.64187
30.64848 3.97415
29.55762 4.39676
31.34341 2.62702
32.65064 1.9469
32.29982 1.77717
31.89874 2.17184
31.85346 1.5514
32.00959 3.06992
31.67562 1.47108
32.12719 2.86618
32.96955 2.01835
30.96406 2.34226
30.75122 2.6097
31.00728 1.66797
28.50141 3.32908
29.26253 2.75801
29.00335 4.17709
28.68352 3.88939
29.11245 5.41876
29.15936 3.36562
29.14841 4.45523
31.03837 2.72156
27.48543 4.74652
27.94508 5.31459
27.04147 5.73824
27.15483 6.2691
27.94285 5.19967
29.07347 4.3878
27.81363 5.47022
27.30547 5.80505
28.54275 4.53505
28.45249 4.49182
27.7805 4.64279
28.19781 4.16114
27.61287 4.59107
28.60312 4.13056
28.3399 4.09137
30.91179 1.96417
31.90646 1.70689
